2858
260
1196
1210
480
2028
589
2571
1270
593
1580
1198
608
2762
110
2396
1197
527
1617
1265
1097
2628
2997
318
858
356
2716
296
1240
1
1214
2916
457
3578
1200
541
2987
1259
50
34
2791
780
3175
1193
919
924
1127
2355
1387
1221
912
1036
1213
1610
377
1291
2000
1136
3114
1307
1704
1721
1968
648
2599
32
3793
2174
2797
2291
2918
3471
590
2959
1374
2683
1394
592
1784
1573
1304
3418
223
380
2706
1225
1584
1527
3481
1923
2699
750
39
21
1393
2804
588
2406
1220
733
1230
3176
1961
3751
1079
3408
908
3623
1073
1356
3527
2700
1219
1247
1089
1544
1222
150
111
3753
2710
357
2657
1094
1206
2985
3147
2640
2395
3421
1517
1641
1278
1252
367
1358
1208
2100
1676
2529
2011
2321
920
2324
2012
1090
47
1500
1370
1954
1673
2194
2115
1376
587
364
3253
3671
1288
923
316
3160
1242
736
1917
1294
3255
1732
3361
1396
2763
1258
2302
3448
1653
1608
1391
2692
2455
3081
3702
2268
595
349
969
3256
904
1234
1674
597
2054
913
2081
3703
11
1377
2890
3755
1028
2001
2968
1101
2617
2407
1682
1372
1233
1266
551
1909
3897
3363
329
3052
1183
2353
539
2006
3072
25
2289
1408
474
2105
3552
1639
1552
788
440
3108
1215
2712
1282
6
2336
1250
2746
2770
1276
1207
36
1375
235
1080
1320
293
2248
70
1199
2470
1777
1912
3555
1747
903
2701
3033
2947
1876
10
1407
3210
1179
1997
1129
3499
3006
1148
1625
1035
3174
1748
2502
3107
3699
2080
3082
3948
1722
1953
3608
1246
2723
2915
2908
2641
2369
3039
3543
2424
500
2352
17
910
1204
1645
2108
165
454
1201
